一、
训练配置：
- 类别数：23
- 总 Epochs: 40
- 每 Epoch 训练步数: 3055
- 训练集列表: F:\study\LSMRT\data\minc-2500\labels\train1.txt
- 验证集列表: F:\study\LSMRT\data\minc-2500\labels\validate1.txt
- 测试集列表: F:\study\LSMRT\data\minc-2500\labels\test1.txt

mnv3 large 224 split

训练性能摘要（每 Epoch 验证指标）
Epoch	Loss	Val Acc	Val F1	Time(s)
1	1.4635	0.7548	0.7551	235.4
2	1.2193	0.7913	0.7899	154.7
3	1.1347	0.8017	0.8011	151.5
4	1.0710	0.7850	0.7838	151.5
5	1.0246	0.7809	0.7781	152.9
6	0.9953	0.7878	0.7898	152.0
7	0.9650	0.7906	0.7893	151.7
8	0.9419	0.7889	0.7883	151.7
9	0.9208	0.7809	0.7781	151.6
10	0.9034	0.7697	0.7690	151.4
11	0.8853	0.7791	0.7802	151.8
12	0.8697	0.7826	0.7824	152.0
13	0.8591	0.7631	0.7633	152.0
14	0.8385	0.7621	0.7597	151.4
15	0.8280	0.7882	0.7867	151.5
16	0.8154	0.7701	0.7704	151.5
17	0.8010	0.7757	0.7750	151.9
18	0.7881	0.7739	0.7737	151.7
19	0.7740	0.7823	0.7813	151.7
20	0.7594	0.7739	0.7747	151.4
21	0.7465	0.7746	0.7744	151.8
22	0.7354	0.7868	0.7854	151.7
23	0.7247	0.7788	0.7773	153.9
24	0.7077	0.7757	0.7769	152.1
25	0.6988	0.7937	0.7950	153.0
26	0.6931	0.7861	0.7864	152.7
27	0.6783	0.7906	0.7895	152.6
28	0.6727	0.7958	0.7953	152.6
29	0.6633	0.7934	0.7926	152.9
30	0.6562	0.7969	0.7956	152.8
31	0.6499	0.8021	0.8017	152.8
32	0.6439	0.8028	0.8034	152.9
33	0.6405	0.8045	0.8040	152.7
34	0.6367	0.8049	0.8037	152.8
35	0.6341	0.8045	0.8030	162.2
36	0.6316	0.8035	0.8029	152.6
37	0.6298	0.8070	0.8064	152.2
38	0.6284	0.8073	0.8066	152.0
39	0.6278	0.8077	0.8069	159.6
40	0.6282	0.8073	0.8065	158.3

最佳验证性能（截至 Epoch 40）：
- 最高 Val Acc: 0.8077（Epoch 39）
- 最高 Val F1:  0.8069（Epoch 39）

split1最优模型的测试集结果：
- test_acc: 0.8149565217391305
- test_macro_f1: 0.8148838708018309
- confusion_matrix shape: (23, 23)

bench_mark
- img_size: 224
- images: 512
- total_sec: 0.8578140735626221
- ms_per_img: 1.6754181124269962




mnv3 large 192 split1

训练性能摘要（每 Epoch 验证指标）
Epoch	Loss	Val Acc	Val F1	Time(s)
1	1.4969	0.7562	0.7522	175.2
2	1.2487	0.7729	0.7719	143.7
3	1.1652	0.7687	0.7659	143.8
4	1.1029	0.7802	0.7807	142.9
5	1.0569	0.7791	0.7811	143.5
6	1.0200	0.7645	0.7636	143.2
7	0.9868	0.7496	0.7438	143.7
8	0.9662	0.7638	0.7648	143.6
9	0.9457	0.7638	0.7617	143.9
10	0.9279	0.7649	0.7625	143.8
11	0.9035	0.7517	0.7540	144.6
12	0.8863	0.7677	0.7666	144.1
13	0.8718	0.7704	0.7706	144.2
14	0.8637	0.7649	0.7637	143.9
15	0.8398	0.7649	0.7627	144.9
16	0.8270	0.7610	0.7589	144.9
17	0.8171	0.7607	0.7594	144.7
18	0.7980	0.7663	0.7656	145.0
19	0.7860	0.7537	0.7536	144.9
20	0.7701	0.7565	0.7557	145.8
21	0.7559	0.7711	0.7706	144.9
22	0.7454	0.7562	0.7522	144.8
23	0.7334	0.7677	0.7651	145.6
24	0.7195	0.7729	0.7706	145.4
25	0.7066	0.7837	0.7828	144.7
26	0.6960	0.7697	0.7676	145.6
27	0.6860	0.7753	0.7730	144.5
28	0.6777	0.7663	0.7633	145.3
29	0.6675	0.7847	0.7842	144.9
30	0.6603	0.7833	0.7815	144.6
31	0.6540	0.7889	0.7883	144.5
32	0.6486	0.7861	0.7839	145.6
33	0.6434	0.7923	0.7907	145.2
34	0.6396	0.7955	0.7938	145.6
35	0.6358	0.7941	0.7922	145.4
36	0.6334	0.7969	0.7956	145.1
37	0.6319	0.7962	0.7945	144.7
38	0.6303	0.8000	0.7981	143.9
39	0.6295	0.7972	0.7956	143.9
40	0.6295	0.7993	0.7974	143.7

最佳验证性能（截至 Epoch 40）：
- 最高 Val Acc: 0.8000（Epoch 38）
- 最高 Val F1:  0.7981（Epoch 38）

测试集结果（使用 best.pt）：
- test_acc: 0.8055652173913044
- test_macro_f1: 0.8045537673904342
- confusion_matrix shape: (23, 23)

bench_mark
- img_size: 192
- images: 512
- total_sec: 0.6967864036560059
- ms_per_img: 1.3609109446406364



mnv3 large 160 split1

训练性能摘要（每 Epoch 验证指标）
Epoch  Loss    Val Acc  Val F1   Time(s)
1      1.5264  0.7311   0.7273   182.2
2      1.2768  0.7701   0.7685   151.2
3      1.1905  0.7565   0.7563   148.1
4      1.1242  0.7492   0.7483   148.4
5      1.0783  0.7621   0.7577   149.4
6      1.0376  0.7551   0.7562   156.6
7      1.0100  0.7621   0.7617   150.4
8      0.9820  0.7527   0.7522   154.1
9      0.9594  0.7701   0.7679   162.6
10     0.9368  0.7624   0.7624   153.6
11     0.9169  0.7617   0.7590   149.7
12     0.9047  0.7579   0.7576   152.0
13     0.8826  0.7649   0.7640   147.7
14     0.8709  0.7353   0.7339   146.7
15     0.8523  0.7464   0.7456   147.5
16     0.8381  0.7590   0.7578   148.1
17     0.8216  0.7447   0.7419   165.0
18     0.8078  0.7471   0.7442   155.5
19     0.7953  0.7572   0.7545   155.1
20     0.7784  0.7621   0.7608   153.3
21     0.7632  0.7576   0.7570   151.5
22     0.7517  0.7558   0.7540   143.3
23     0.7386  0.7548   0.7527   148.9
24     0.7273  0.7670   0.7650   139.4
25     0.7126  0.7603   0.7608   154.1
26     0.7027  0.7426   0.7388   191.0
27     0.6902  0.7673   0.7655   137.3
28     0.6790  0.7704   0.7691   137.5
29     0.6730  0.7697   0.7684   137.7
30     0.6650  0.7757   0.7751   137.5
31     0.6583  0.7864   0.7851   137.4
32     0.6513  0.7715   0.7716   137.1
33     0.6468  0.7718   0.7699   138.0
34     0.6430  0.7784   0.7765   137.5
35     0.6394  0.7885   0.7865   137.0
36     0.6367  0.7809   0.7789   137.9
37     0.6341  0.7868   0.7853   137.5
38     0.6334  0.7850   0.7839   136.8
39     0.6321  0.7875   0.7863   136.8
40     0.6313  0.7861   0.7848   136.9

最佳验证性能（截至 Epoch 40）
- 最高 Val Acc: 0.7885 (Epoch 35)
- 最高 Val F1 : 0.7865 (Epoch 35)

测试集结果
- test_acc      : 0.7913043478260869
- test_macro_f1  : 0.7901230778740568
- confusion_matrix shape: (23, 23)

bench_mark
- img_size: 160
- images: 512
- total_sec: 0.6563117504119873
- ms_per_img: 1.2818588875234127

