训练命令:
python train_imu_npz_cli.py --npz F:\study\LSMRT\data\multimodal-tactile-texture-dataset\processed\imu_windows_w256_s128.npz --use_cuda --batch 256 --epochs 30 --num_workers 0

数据集信息:
- 文件路径: F:\study\LSMRT\data\multimodal-tactile-texture-dataset\processed\imu_windows_w256_s128.npz
- 输入形状 X: (893766, 256, 9)
- 标签形状 y: (893766,)
- 类别数 num_classes: 12
- 时间步长 T: 256
- 通道数 C: 9

数据标准化参数:
- 均值 mean: [-0.3711, 0.0064, 8.7953, -0.0139, -0.0141, 0.0350, -0.0775, 0.0025, 1.7780]
- 标准差 std: [4.5227, 4.7661, 1.4799, 0.8193, 0.8602, 0.4055, 0.9262, 0.9697, 0.3694]

训练配置:
- Batch size: 256
- Epochs: 30
- 使用 CUDA: 是
- Num workers: 0

训练过程摘要（每轮验证指标）:
Epoch | Loss   | Val Acc | Val F1  | Time(s)
------|--------|---------|---------|--------
1     | 1.1569 | 0.7163  | 0.7156  | 38.0
2     | 0.7519 | 0.7763  | 0.7772  | 34.5
3     | 0.6272 | 0.8066  | 0.8082  | 33.3
4     | 0.5519 | 0.8258  | 0.8265  | 32.8
5     | 0.4981 | 0.8505  | 0.8519  | 32.8
6     | 0.4572 | 0.8634  | 0.8628  | 32.6
7     | 0.4238 | 0.8731  | 0.8730  | 32.9
8     | 0.3975 | 0.8821  | 0.8824  | 32.7
9     | 0.3737 | 0.8878  | 0.8881  | 33.2
10    | 0.3546 | 0.8946  | 0.8947  | 32.8
11    | 0.3360 | 0.8851  | 0.8856  | 32.7
12    | 0.3187 | 0.8971  | 0.8974  | 32.8
13    | 0.3031 | 0.9058  | 0.9061  | 32.8
14    | 0.2898 | 0.9079  | 0.9082  | 32.8
15    | 0.2785 | 0.8907  | 0.8909  | 32.9
16    | 0.2644 | 0.9171  | 0.9173  | 33.9
17    | 0.2548 | 0.8935  | 0.8936  | 33.4
18    | 0.2435 | 0.9185  | 0.9189  | 33.3
19    | 0.2349 | 0.9137  | 0.9138  | 34.3
20    | 0.2243 | 0.9092  | 0.9095  | 33.0
21    | 0.2155 | 0.9125  | 0.9130  | 32.9
22    | 0.2096 | 0.9099  | 0.9102  | 32.9
23    | 0.2012 | 0.9234  | 0.9237  | 33.0
24    | 0.1965 | 0.8969  | 0.8977  | 33.1
25    | 0.1896 | 0.9260  | 0.9263  | 32.9
26    | 0.1864 | 0.9339  | 0.9339  | 33.2
27    | 0.1814 | 0.9312  | 0.9317  | 33.0
28    | 0.1794 | 0.9367  | 0.9368  | 32.9
29    | 0.1775 | 0.9372  | 0.9372  | 33.1
30    | 0.1765 | 0.9316  | 0.9318  | 34.3

最终结果:
- 最佳模型保存路径: runs/imu_npz_cnn_w256/best.pt
- 测试准确率 test_acc: 0.9388
- 宏平均 F1 分数 macro_f1: 0.9389
- 指标文件: runs/imu_npz_cnn_w256/metrics.json